
wait=773888888738888.(8reporort1tlo
wait=773888888738888.88report_slow_units8888.88888³cad=w_units8reporort0tlo
wait=773888888738888.88rt_slo
wait=77388888873888.88report_slow_units8888.88888³ca.(8reporor888.88888³cad=